(kicad_pcb (version 20171130) (host pcbnew 5.1.0)

  (general
    (thickness 1.6)
    (drawings 39)
    (tracks 665)
    (zones 0)
    (modules 39)
    (nets 98)
  )

  (page A4)
  (layers
    (0 F.Cu signal)
    (31 B.Cu signal)
    (32 B.Adhes user)
    (33 F.Adhes user)
    (34 B.Paste user)
    (35 F.Paste user)
    (36 B.SilkS user)
    (37 F.SilkS user)
    (38 B.Mask user)
    (39 F.Mask user)
    (40 Dwgs.User user)
    (41 Cmts.User user)
    (42 Eco1.User user)
    (43 Eco2.User user)
    (44 Edge.Cuts user)
    (45 Margin user)
    (46 B.CrtYd user)
    (47 F.CrtYd user)
    (48 B.Fab user)
    (49 F.Fab user)
  )

  (setup
    (last_trace_width 0.25)
    (trace_clearance 0.2)
    (zone_clearance 0.508)
    (zone_45_only no)
    (trace_min 0.2)
    (via_size 0.8)
    (via_drill 0.4)
    (via_min_size 0.4)
    (via_min_drill 0.3)
    (uvia_size 0.3)
    (uvia_drill 0.1)
    (uvias_allowed no)
    (uvia_min_size 0.2)
    (uvia_min_drill 0.1)
    (edge_width 0.15)
    (segment_width 0.2)
    (pcb_text_width 0.3)
    (pcb_text_size 1.5 1.5)
    (mod_edge_width 0.15)
    (mod_text_size 1 1)
    (mod_text_width 0.15)
    (pad_size 4.7 4.7)
    (pad_drill 4.5)
    (pad_to_mask_clearance 0.051)
    (solder_mask_min_width 0.25)
    (aux_axis_origin 0 0)
    (visible_elements FFFFF77F)
    (pcbplotparams
      (layerselection 0x010fc_ffffffff)
      (usegerberextensions false)
      (usegerberattributes false)
      (usegerberadvancedattributes false)
      (creategerberjobfile false)
      (excludeedgelayer true)
      (linewidth 0.100000)
      (plotframeref false)
      (viasonmask false)
      (mode 1)
      (useauxorigin false)
      (hpglpennumber 1)
      (hpglpenspeed 20)
      (hpglpendiameter 15.000000)
      (psnegative false)
      (psa4output false)
      (plotreference true)
      (plotvalue true)
      (plotinvisibletext false)
      (padsonsilk false)
      (subtractmaskfromsilk false)
      (outputformat 1)
      (mirror false)
      (drillshape 1)
      (scaleselection 1)
      (outputdirectory ""))
  )

  (net 0 "")
  (net 1 VSS)
  (net 2 +12V)
  (net 3 VCC)
  (net 4 "Net-(C5-Pad1)")
  (net 5 "Net-(C6-Pad1)")
  (net 6 "Net-(C7-Pad1)")
  (net 7 Reset)
  (net 8 "Net-(C9-Pad1)")
  (net 9 "Net-(C10-Pad2)")
  (net 10 HighBeam)
  (net 11 RightTurn)
  (net 12 LeftTurn)
  (net 13 OverDrive)
  (net 14 LowFuel)
  (net 15 Temp)
  (net 16 Oil)
  (net 17 Fuel)
  (net 18 Neutral)
  (net 19 TX)
  (net 20 RX)
  (net 21 SDA)
  (net 22 SCL)
  (net 23 JRST)
  (net 24 SWO)
  (net 25 SWCLK)
  (net 26 SWDIO)
  (net 27 GPIO6)
  (net 28 GPIO5)
  (net 29 GPIO4)
  (net 30 GPIO3)
  (net 31 GPIO2)
  (net 32 GPIO1)
  (net 33 "Net-(J7-Pad1)")
  (net 34 "Net-(J7-Pad2)")
  (net 35 "Net-(J7-Pad3)")
  (net 36 "Net-(J7-Pad4)")
  (net 37 "Net-(J7-Pad7)")
  (net 38 "Net-(J7-Pad8)")
  (net 39 SCK)
  (net 40 "Net-(J7-Pad11)")
  (net 41 "Net-(J7-Pad12)")
  (net 42 MOSI)
  (net 43 MISO)
  (net 44 "Net-(J7-Pad15)")
  (net 45 "Net-(J7-Pad17)")
  (net 46 "Net-(J7-Pad18)")
  (net 47 "Net-(J7-Pad19)")
  (net 48 "Net-(J7-Pad20)")
  (net 49 "Net-(J7-Pad21)")
  (net 50 "Net-(J7-Pad22)")
  (net 51 "Net-(J7-Pad23)")
  (net 52 "Net-(J7-Pad24)")
  (net 53 "Net-(J7-Pad25)")
  (net 54 "Net-(J7-Pad26)")
  (net 55 "Net-(J7-Pad27)")
  (net 56 "Net-(J7-Pad28)")
  (net 57 "Net-(J7-Pad29)")
  (net 58 "Net-(J7-Pad30)")
  (net 59 "Net-(J7-Pad31)")
  (net 60 "Net-(J7-Pad32)")
  (net 61 "Net-(J7-Pad34)")
  (net 62 "Net-(J7-Pad35)")
  (net 63 "Net-(J7-Pad37)")
  (net 64 "Net-(J7-Pad38)")
  (net 65 "Net-(J7-Pad39)")
  (net 66 "Net-(J7-Pad40)")
  (net 67 "Net-(J10-Pad1)")
  (net 68 "Net-(J11-Pad1)")
  (net 69 "Net-(J11-Pad2)")
  (net 70 "Net-(J12-Pad3)")
  (net 71 "Net-(J12-Pad2)")
  (net 72 "Net-(J12-Pad1)")
  (net 73 "Net-(D1-Pad1)")
  (net 74 "Net-(R5-Pad1)")
  (net 75 LightsOutAuxTwo)
  (net 76 LightsOutAux)
  (net 77 LightsOutBack)
  (net 78 LightsOutFront)
  (net 79 "Net-(U1-Pad7)")
  (net 80 "Net-(U3-Pad2)")
  (net 81 "Net-(U3-Pad3)")
  (net 82 "Net-(U3-Pad4)")
  (net 83 "Net-(U3-Pad28)")
  (net 84 "Net-(U3-Pad40)")
  (net 85 "Net-(U3-Pad41)")
  (net 86 "Net-(U3-Pad44)")
  (net 87 "Net-(U3-Pad45)")
  (net 88 "Net-(U3-Pad50)")
  (net 89 "Net-(U3-Pad51)")
  (net 90 "Net-(U3-Pad52)")
  (net 91 "Net-(U3-Pad53)")
  (net 92 "Net-(U3-Pad54)")
  (net 93 "Net-(U3-Pad57)")
  (net 94 "Net-(U3-Pad61)")
  (net 95 "Net-(U3-Pad62)")
  (net 96 "Net-(U3-Pad8)")
  (net 97 "Net-(U3-Pad9)")

  (net_class Default "This is the default net class."
    (clearance 0.2)
    (trace_width 0.25)
    (via_dia 0.8)
    (via_drill 0.4)
    (uvia_dia 0.3)
    (uvia_drill 0.1)
    (add_net +12V)
    (add_net Fuel)
    (add_net GPIO1)
    (add_net GPIO2)
    (add_net GPIO3)
    (add_net GPIO4)
    (add_net GPIO5)
    (add_net GPIO6)
    (add_net HighBeam)
    (add_net JRST)
    (add_net LeftTurn)
    (add_net LightsOutAux)
    (add_net LightsOutAuxTwo)
    (add_net LightsOutBack)
    (add_net LightsOutFront)
    (add_net LowFuel)
    (add_net MISO)
    (add_net MOSI)
    (add_net "Net-(C10-Pad2)")
    (add_net "Net-(C5-Pad1)")
    (add_net "Net-(C6-Pad1)")
    (add_net "Net-(C7-Pad1)")
    (add_net "Net-(C9-Pad1)")
    (add_net "Net-(D1-Pad1)")
    (add_net "Net-(J10-Pad1)")
    (add_net "Net-(J11-Pad1)")
    (add_net "Net-(J11-Pad2)")
    (add_net "Net-(J12-Pad1)")
    (add_net "Net-(J12-Pad2)")
    (add_net "Net-(J12-Pad3)")
    (add_net "Net-(J7-Pad1)")
    (add_net "Net-(J7-Pad11)")
    (add_net "Net-(J7-Pad12)")
    (add_net "Net-(J7-Pad15)")
    (add_net "Net-(J7-Pad17)")
    (add_net "Net-(J7-Pad18)")
    (add_net "Net-(J7-Pad19)")
    (add_net "Net-(J7-Pad2)")
    (add_net "Net-(J7-Pad20)")
    (add_net "Net-(J7-Pad21)")
    (add_net "Net-(J7-Pad22)")
    (add_net "Net-(J7-Pad23)")
    (add_net "Net-(J7-Pad24)")
    (add_net "Net-(J7-Pad25)")
    (add_net "Net-(J7-Pad26)")
    (add_net "Net-(J7-Pad27)")
    (add_net "Net-(J7-Pad28)")
    (add_net "Net-(J7-Pad29)")
    (add_net "Net-(J7-Pad3)")
    (add_net "Net-(J7-Pad30)")
    (add_net "Net-(J7-Pad31)")
    (add_net "Net-(J7-Pad32)")
    (add_net "Net-(J7-Pad34)")
    (add_net "Net-(J7-Pad35)")
    (add_net "Net-(J7-Pad37)")
    (add_net "Net-(J7-Pad38)")
    (add_net "Net-(J7-Pad39)")
    (add_net "Net-(J7-Pad4)")
    (add_net "Net-(J7-Pad40)")
    (add_net "Net-(J7-Pad7)")
    (add_net "Net-(J7-Pad8)")
    (add_net "Net-(R5-Pad1)")
    (add_net "Net-(U1-Pad7)")
    (add_net "Net-(U3-Pad2)")
    (add_net "Net-(U3-Pad28)")
    (add_net "Net-(U3-Pad3)")
    (add_net "Net-(U3-Pad4)")
    (add_net "Net-(U3-Pad40)")
    (add_net "Net-(U3-Pad41)")
    (add_net "Net-(U3-Pad44)")
    (add_net "Net-(U3-Pad45)")
    (add_net "Net-(U3-Pad50)")
    (add_net "Net-(U3-Pad51)")
    (add_net "Net-(U3-Pad52)")
    (add_net "Net-(U3-Pad53)")
    (add_net "Net-(U3-Pad54)")
    (add_net "Net-(U3-Pad57)")
    (add_net "Net-(U3-Pad61)")
    (add_net "Net-(U3-Pad62)")
    (add_net "Net-(U3-Pad8)")
    (add_net "Net-(U3-Pad9)")
    (add_net Neutral)
    (add_net Oil)
    (add_net OverDrive)
    (add_net RX)
    (add_net Reset)
    (add_net RightTurn)
    (add_net SCK)
    (add_net SCL)
    (add_net SDA)
    (add_net SWCLK)
    (add_net SWDIO)
    (add_net SWO)
    (add_net TX)
    (add_net Temp)
    (add_net VCC)
    (add_net VSS)
  )

  (module NFCBuisness:W (layer F.Cu) (tedit 0) (tstamp 5CA3DDC8)
    (at 235.7 133.6)
    (fp_text reference Ref** (at 0 0) (layer F.SilkS) hide
      (effects (font (size 1.27 1.27) (thickness 0.15)))
    )
    (fp_text value Val** (at 0 0) (layer F.SilkS) hide
      (effects (font (size 1.27 1.27) (thickness 0.15)))
    )
    (fp_poly (pts (xy -1.630587 -2.420899) (xy -1.447524 -2.328559) (xy -1.311592 -2.194757) (xy -1.304211 -2.183555)
      (xy -1.265704 -2.11344) (xy -1.244213 -2.038839) (xy -1.23774 -1.938094) (xy -1.244287 -1.789546)
      (xy -1.255088 -1.651) (xy -1.268682 -1.442824) (xy -1.279873 -1.184894) (xy -1.287394 -0.912114)
      (xy -1.289962 -0.690936) (xy -1.289221 -0.458958) (xy -1.284387 -0.294975) (xy -1.273305 -0.182336)
      (xy -1.25382 -0.10439) (xy -1.223775 -0.044488) (xy -1.202268 -0.013603) (xy -1.116398 0.071274)
      (xy -1.002822 0.111004) (xy -0.929984 0.119227) (xy -0.68211 0.100096) (xy -0.454281 0.00289)
      (xy -0.240656 -0.175182) (xy -0.185776 -0.236175) (xy -0.081108 -0.349759) (xy 0.009066 -0.431822)
      (xy 0.066141 -0.465547) (xy 0.068112 -0.465666) (xy 0.123755 -0.432548) (xy 0.197182 -0.348904)
      (xy 0.229505 -0.301607) (xy 0.376869 -0.110873) (xy 0.526913 0.003226) (xy 0.674284 0.03902)
      (xy 0.813631 -0.005163) (xy 0.907971 -0.089777) (xy 0.988653 -0.198585) (xy 1.058934 -0.326542)
      (xy 1.126082 -0.490779) (xy 1.197364 -0.708426) (xy 1.255985 -0.910166) (xy 1.31545 -1.12099)
      (xy 1.377683 -1.340443) (xy 1.431333 -1.528529) (xy 1.442246 -1.566558) (xy 1.521416 -1.84195)
      (xy 1.949565 -2.005418) (xy 2.167567 -2.084028) (xy 2.315998 -2.126297) (xy 2.401001 -2.133773)
      (xy 2.422145 -2.124455) (xy 2.452677 -2.065526) (xy 2.41974 -2.005855) (xy 2.317286 -1.940366)
      (xy 2.13927 -1.863979) (xy 2.089887 -1.8454) (xy 1.930263 -1.78316) (xy 1.799296 -1.726134)
      (xy 1.71927 -1.684217) (xy 1.708527 -1.676067) (xy 1.680315 -1.619963) (xy 1.636526 -1.498254)
      (xy 1.582553 -1.327363) (xy 1.52379 -1.123712) (xy 1.507251 -1.063196) (xy 1.396737 -0.68139)
      (xy 1.290651 -0.376432) (xy 1.184846 -0.140938) (xy 1.075173 0.032475) (xy 0.957485 0.15119)
      (xy 0.827635 0.222591) (xy 0.776069 0.238398) (xy 0.602379 0.241191) (xy 0.418574 0.174646)
      (xy 0.246259 0.047924) (xy 0.192569 -0.009056) (xy 0.041511 -0.185533) (xy -0.128458 -0.008645)
      (xy -0.312966 0.157866) (xy -0.496288 0.260737) (xy -0.709082 0.314778) (xy -0.823587 0.327186)
      (xy -0.981029 0.333485) (xy -1.090094 0.317957) (xy -1.185756 0.27362) (xy -1.227666 0.246552)
      (xy -1.355913 0.118677) (xy -1.447302 -0.068507) (xy -1.502345 -0.318683) (xy -1.521551 -0.635539)
      (xy -1.505431 -1.022758) (xy -1.460818 -1.436924) (xy -1.432055 -1.688127) (xy -1.424811 -1.871541)
      (xy -1.442863 -2.002167) (xy -1.489991 -2.095003) (xy -1.569973 -2.165049) (xy -1.656298 -2.212878)
      (xy -1.801342 -2.257899) (xy -1.939703 -2.239415) (xy -2.087459 -2.15265) (xy -2.203421 -2.05035)
      (xy -2.298884 -1.96489) (xy -2.361491 -1.934189) (xy -2.413708 -1.94891) (xy -2.426473 -1.957639)
      (xy -2.473927 -2.002339) (xy -2.467648 -2.051331) (xy -2.429475 -2.110518) (xy -2.32004 -2.223928)
      (xy -2.167499 -2.330713) (xy -2.002595 -2.413218) (xy -1.856072 -2.453788) (xy -1.829026 -2.455333)
      (xy -1.630587 -2.420899)) (layer F.Cu) (width 0.01))
  )

  (module Connectors:1pin (layer F.Cu) (tedit 5CA2FC18) (tstamp 5CA3D7B6)
    (at 147.5 138)
    (descr "module 1 pin (ou trou mecanique de percage)")
    (tags DEV)
    (fp_text reference REF** (at 0 -3.048) (layer F.Fab)
      (effects (font (size 1 1) (thickness 0.15)))
    )
    (fp_text value 1pin (at 0 3) (layer F.Fab)
      (effects (font (size 1 1) (thickness 0.15)))
    )
    (fp_circle (center 0 0) (end 2 0.8) (layer F.Fab) (width 0.1))
    (fp_circle (center 0 0) (end 2.6 0) (layer F.CrtYd) (width 0.05))
    (fp_circle (center 0 0) (end 0 -2.286) (layer F.SilkS) (width 0.12))
    (pad 1 thru_hole circle (at 0 0) (size 4.7 4.7) (drill 4.5) (layers *.Cu *.Mask))
  )

  (module Connectors:1pin (layer F.Cu) (tedit 5CA2FC18) (tstamp 5CA3D797)
    (at 241 138)
    (descr "module 1 pin (ou trou mecanique de percage)")
    (tags DEV)
    (fp_text reference REF** (at 0 -3.048) (layer F.Fab)
      (effects (font (size 1 1) (thickness 0.15)))
    )
    (fp_text value 1pin (at 0 3) (layer F.Fab)
      (effects (font (size 1 1) (thickness 0.15)))
    )
    (fp_circle (center 0 0) (end 0 -2.286) (layer F.SilkS) (width 0.12))
    (fp_circle (center 0 0) (end 2.6 0) (layer F.CrtYd) (width 0.05))
    (fp_circle (center 0 0) (end 2 0.8) (layer F.Fab) (width 0.1))
    (pad 1 thru_hole circle (at 0 0) (size 4.7 4.7) (drill 4.5) (layers *.Cu *.Mask))
  )

  (module Connectors:1pin (layer F.Cu) (tedit 5CA2FC18) (tstamp 5CA3D789)
    (at 241 70.5)
    (descr "module 1 pin (ou trou mecanique de percage)")
    (tags DEV)
    (fp_text reference REF** (at 0 -3.048) (layer F.Fab)
      (effects (font (size 1 1) (thickness 0.15)))
    )
    (fp_text value 1pin (at 0 3) (layer F.Fab)
      (effects (font (size 1 1) (thickness 0.15)))
    )
    (fp_circle (center 0 0) (end 2 0.8) (layer F.Fab) (width 0.1))
    (fp_circle (center 0 0) (end 2.6 0) (layer F.CrtYd) (width 0.05))
    (fp_circle (center 0 0) (end 0 -2.286) (layer F.SilkS) (width 0.12))
    (pad 1 thru_hole circle (at 0 0) (size 4.7 4.7) (drill 4.5) (layers *.Cu *.Mask))
  )

  (module Connectors:1pin (layer F.Cu) (tedit 5CA2FC18) (tstamp 5CA3D773)
    (at 147.5 70.5)
    (descr "module 1 pin (ou trou mecanique de percage)")
    (tags DEV)
    (fp_text reference REF** (at 0 -3.048) (layer F.Fab)
      (effects (font (size 1 1) (thickness 0.15)))
    )
    (fp_text value 1pin (at 0 3) (layer F.Fab)
      (effects (font (size 1 1) (thickness 0.15)))
    )
    (fp_circle (center 0 0) (end 0 -2.286) (layer F.SilkS) (width 0.12))
    (fp_circle (center 0 0) (end 2.6 0) (layer F.CrtYd) (width 0.05))
    (fp_circle (center 0 0) (end 2 0.8) (layer F.Fab) (width 0.1))
    (pad 1 thru_hole circle (at 0 0) (size 4.7 4.7) (drill 4.5) (layers *.Cu *.Mask))
  )

  (module Capacitors_SMD:CP_Elec_8x10.5 (layer F.Cu) (tedit 58AA8BC3) (tstamp 5CA3B113)
    (at 148 80.45 270)
    (descr "SMT capacitor, aluminium electrolytic, 8x10.5")
    (path /5CA10B7D)
    (attr smd)
    (fp_text reference C1 (at 0 5.45 270) (layer F.SilkS)
      (effects (font (size 1 1) (thickness 0.15)))
    )
    (fp_text value 100uF (at 0 -5.45 270) (layer F.Fab)
      (effects (font (size 1 1) (thickness 0.15)))
    )
    (fp_line (start 5.3 4.29) (end -5.3 4.29) (layer F.CrtYd) (width 0.05))
    (fp_line (start 5.3 4.29) (end 5.3 -4.29) (layer F.CrtYd) (width 0.05))
    (fp_line (start -5.3 -4.29) (end -5.3 4.29) (layer F.CrtYd) (width 0.05))
    (fp_line (start -5.3 -4.29) (end 5.3 -4.29) (layer F.CrtYd) (width 0.05))
    (fp_line (start -3.43 -4.19) (end 4.19 -4.19) (layer F.SilkS) (width 0.12))
    (fp_line (start -4.19 -3.43) (end -3.43 -4.19) (layer F.SilkS) (width 0.12))
    (fp_line (start -3.43 4.19) (end -4.19 3.43) (layer F.SilkS) (width 0.12))
    (fp_line (start 4.19 4.19) (end -3.43 4.19) (layer F.SilkS) (width 0.12))
    (fp_line (start 4.19 -4.19) (end 4.19 -1.51) (layer F.SilkS) (width 0.12))
    (fp_line (start 4.19 4.19) (end 4.19 1.51) (layer F.SilkS) (width 0.12))
    (fp_line (start -4.19 -3.43) (end -4.19 -1.51) (layer F.SilkS) (width 0.12))
    (fp_line (start -4.19 3.43) (end -4.19 1.51) (layer F.SilkS) (width 0.12))
    (fp_line (start 4.04 -4.04) (end -3.37 -4.04) (layer F.Fab) (width 0.1))
    (fp_line (start -3.37 -4.04) (end -4.04 -3.37) (layer F.Fab) (width 0.1))
    (fp_line (start -4.04 -3.37) (end -4.04 3.37) (layer F.Fab) (width 0.1))
    (fp_line (start -4.04 3.37) (end -3.37 4.04) (layer F.Fab) (width 0.1))
    (fp_line (start -3.37 4.04) (end 4.04 4.04) (layer F.Fab) (width 0.1))
    (fp_line (start 4.04 4.04) (end 4.04 -4.04) (layer F.Fab) (width 0.1))
    (fp_text user %R (at 0 5.45 270) (layer F.Fab)
      (effects (font (size 1 1) (thickness 0.15)))
    )
    (fp_text user + (at -4.78 3.91 270) (layer F.SilkS)
      (effects (font (size 1 1) (thickness 0.15)))
    )
    (fp_text user + (at -2.27 -0.08 270) (layer F.Fab)
      (effects (font (size 1 1) (thickness 0.15)))
    )
    (fp_circle (center 0 0) (end 1.3 3.7) (layer F.Fab) (width 0.1))
    (pad 2 smd rect (at 3.05 0 90) (size 4 2.5) (layers F.Cu F.Paste F.Mask)
      (net 1 VSS))
    (pad 1 smd rect (at -3.05 0 90) (size 4 2.5) (layers F.Cu F.Paste F.Mask)
      (net 2 +12V))
    (model Capacitors_SMD.3dshapes/CP_Elec_8x10.5.wrl
      (at (xyz 0 0 0))
      (scale (xyz 1 1 1))
      (rotate (xyz 0 0 180))
    )
  )

  (module Capacitors_SMD:C_0805 (layer F.Cu) (tedit 58AA8463) (tstamp 5CB580B8)
    (at 177 123.5 270)
    (descr "Capacitor SMD 0805, reflow soldering, AVX (see smccp.pdf)")
    (tags "capacitor 0805")
    (path /5CA3D83A)
    (attr smd)
    (fp_text reference C2 (at 0 -1.5 270) (layer F.SilkS)
      (effects (font (size 1 1) (thickness 0.15)))
    )
    (fp_text value 10uF (at 0 1.75 270) (layer F.Fab)
      (effects (font (size 1 1) (thickness 0.15)))
    )
    (fp_line (start 1.75 0.87) (end -1.75 0.87) (layer F.CrtYd) (width 0.05))
    (fp_line (start 1.75 0.87) (end 1.75 -0.88) (layer F.CrtYd) (width 0.05))
    (fp_line (start -1.75 -0.88) (end -1.75 0.87) (layer F.CrtYd) (width 0.05))
    (fp_line (start -1.75 -0.88) (end 1.75 -0.88) (layer F.CrtYd) (width 0.05))
    (fp_line (start -0.5 0.85) (end 0.5 0.85) (layer F.SilkS) (width 0.12))
    (fp_line (start 0.5 -0.85) (end -0.5 -0.85) (layer F.SilkS) (width 0.12))
    (fp_line (start -1 -0.62) (end 1 -0.62) (layer F.Fab) (width 0.1))
    (fp_line (start 1 -0.62) (end 1 0.62) (layer F.Fab) (width 0.1))
    (fp_line (start 1 0.62) (end -1 0.62) (layer F.Fab) (width 0.1))
    (fp_line (start -1 0.62) (end -1 -0.62) (layer F.Fab) (width 0.1))
    (fp_text user %R (at 0 -1.5 270) (layer F.Fab)
      (effects (font (size 1 1) (thickness 0.15)))
    )
    (pad 2 smd rect (at 1 0 270) (size 1 1.25) (layers F.Cu F.Paste F.Mask)
      (net 1 VSS))
    (pad 1 smd rect (at -1 0 270) (size 1 1.25) (layers F.Cu F.Paste F.Mask)
      (net 3 VCC))
    (model Capacitors_SMD.3dshapes/C_0805.wrl
      (at (xyz 0 0 0))
      (scale (xyz 1 1 1))
      (rotate (xyz 0 0 0))
    )
  )

  (module Capacitors_SMD:C_0805 (layer F.Cu) (tedit 58AA8463) (tstamp 5CB580C9)
    (at 173 123.5 270)
    (descr "Capacitor SMD 0805, reflow soldering, AVX (see smccp.pdf)")
    (tags "capacitor 0805")
    (path /5CA3D7C2)
    (attr smd)
    (fp_text reference C3 (at 0 -1.5 270) (layer F.SilkS)
      (effects (font (size 1 1) (thickness 0.15)))
    )
    (fp_text value 100nF (at 0 1.75 270) (layer F.Fab)
      (effects (font (size 1 1) (thickness 0.15)))
    )
    (fp_text user %R (at 0 -1.5 270) (layer F.Fab)
      (effects (font (size 1 1) (thickness 0.15)))
    )
    (fp_line (start -1 0.62) (end -1 -0.62) (layer F.Fab) (width 0.1))
    (fp_line (start 1 0.62) (end -1 0.62) (layer F.Fab) (width 0.1))
    (fp_line (start 1 -0.62) (end 1 0.62) (layer F.Fab) (width 0.1))
    (fp_line (start -1 -0.62) (end 1 -0.62) (layer F.Fab) (width 0.1))
    (fp_line (start 0.5 -0.85) (end -0.5 -0.85) (layer F.SilkS) (width 0.12))
    (fp_line (start -0.5 0.85) (end 0.5 0.85) (layer F.SilkS) (width 0.12))
    (fp_line (start -1.75 -0.88) (end 1.75 -0.88) (layer F.CrtYd) (width 0.05))
    (fp_line (start -1.75 -0.88) (end -1.75 0.87) (layer F.CrtYd) (width 0.05))
    (fp_line (start 1.75 0.87) (end 1.75 -0.88) (layer F.CrtYd) (width 0.05))
    (fp_line (start 1.75 0.87) (end -1.75 0.87) (layer F.CrtYd) (width 0.05))
    (pad 1 smd rect (at -1 0 270) (size 1 1.25) (layers F.Cu F.Paste F.Mask)
      (net 3 VCC))
    (pad 2 smd rect (at 1 0 270) (size 1 1.25) (layers F.Cu F.Paste F.Mask)
      (net 1 VSS))
    (model Capacitors_SMD.3dshapes/C_0805.wrl
      (at (xyz 0 0 0))
      (scale (xyz 1 1 1))
      (rotate (xyz 0 0 0))
    )
  )

  (module Capacitors_SMD:CP_Elec_8x10.5 (layer F.Cu) (tedit 58AA8BC3) (tstamp 5CB580E5)
    (at 184 87.45 90)
    (descr "SMT capacitor, aluminium electrolytic, 8x10.5")
    (path /5CA11A8E)
    (attr smd)
    (fp_text reference C4 (at 0 5.45 90) (layer F.SilkS)
      (effects (font (size 1 1) (thickness 0.15)))
    )
    (fp_text value 220uF (at 0 -5.45 90) (layer F.Fab)
      (effects (font (size 1 1) (thickness 0.15)))
    )
    (fp_circle (center 0 0) (end 1.3 3.7) (layer F.Fab) (width 0.1))
    (fp_text user + (at -2.05 -0.08 270) (layer F.Fab)
      (effects (font (size 1 1) (thickness 0.15)))
    )
    (fp_text user + (at -4.78 3.91 90) (layer F.SilkS)
      (effects (font (size 1 1) (thickness 0.15)))
    )
    (fp_text user %R (at 0 5.45 90) (layer F.Fab)
      (effects (font (size 1 1) (thickness 0.15)))
    )
    (fp_line (start 4.04 4.04) (end 4.04 -4.04) (layer F.Fab) (width 0.1))
    (fp_line (start -3.37 4.04) (end 4.04 4.04) (layer F.Fab) (width 0.1))
    (fp_line (start -4.04 3.37) (end -3.37 4.04) (layer F.Fab) (width 0.1))
    (fp_line (start -4.04 -3.37) (end -4.04 3.37) (layer F.Fab) (width 0.1))
    (fp_line (start -3.37 -4.04) (end -4.04 -3.37) (layer F.Fab) (width 0.1))
    (fp_line (start 4.04 -4.04) (end -3.37 -4.04) (layer F.Fab) (width 0.1))
    (fp_line (start -4.19 3.43) (end -4.19 1.51) (layer F.SilkS) (width 0.12))
    (fp_line (start -4.19 -3.43) (end -4.19 -1.51) (layer F.SilkS) (width 0.12))
    (fp_line (start 4.19 4.19) (end 4.19 1.51) (layer F.SilkS) (width 0.12))
    (fp_line (start 4.19 -4.19) (end 4.19 -1.51) (layer F.SilkS) (width 0.12))
    (fp_line (start 4.19 4.19) (end -3.43 4.19) (layer F.SilkS) (width 0.12))
    (fp_line (start -3.43 4.19) (end -4.19 3.43) (layer F.SilkS) (width 0.12))
    (fp_line (start -4.19 -3.43) (end -3.43 -4.19) (layer F.SilkS) (width 0.12))
    (fp_line (start -3.43 -4.19) (end 4.19 -4.19) (layer F.SilkS) (width 0.12))
    (fp_line (start -5.3 -4.29) (end 5.3 -4.29) (layer F.CrtYd) (width 0.05))
    (fp_line (start -5.3 -4.29) (end -5.3 4.29) (layer F.CrtYd) (width 0.05))
    (fp_line (start 5.3 4.29) (end 5.3 -4.29) (layer F.CrtYd) (width 0.05))
    (fp_line (start 5.3 4.29) (end -5.3 4.29) (layer F.CrtYd) (width 0.05))
    (pad 1 smd rect (at -3.05 0 270) (size 4 2.5) (layers F.Cu F.Paste F.Mask)
      (net 3 VCC))
    (pad 2 smd rect (at 3.05 0 270) (size 4 2.5) (layers F.Cu F.Paste F.Mask)
      (net 1 VSS))
    (model Capacitors_SMD.3dshapes/CP_Elec_8x10.5.wrl
      (at (xyz 0 0 0))
      (scale (xyz 1 1 1))
      (rotate (xyz 0 0 180))
    )
  )

  (module Capacitors_SMD:C_0805 (layer F.Cu) (tedit 58AA8463) (tstamp 5CB580F6)
    (at 157.5 99.5 270)
    (descr "Capacitor SMD 0805, reflow soldering, AVX (see smccp.pdf)")
    (tags "capacitor 0805")
    (path /5CA12F62)
    (attr smd)
    (fp_text reference C5 (at -2.5 0 270) (layer F.SilkS)
      (effects (font (size 1 1) (thickness 0.15)))
    )
    (fp_text value 15nF (at 0 -1.5 270) (layer F.Fab)
      (effects (font (size 1 1) (thickness 0.15)))
    )
    (fp_line (start 1.75 0.87) (end -1.75 0.87) (layer F.CrtYd) (width 0.05))
    (fp_line (start 1.75 0.87) (end 1.75 -0.88) (layer F.CrtYd) (width 0.05))
    (fp_line (start -1.75 -0.88) (end -1.75 0.87) (layer F.CrtYd) (width 0.05))
    (fp_line (start -1.75 -0.88) (end 1.75 -0.88) (layer F.CrtYd) (width 0.05))
    (fp_line (start -0.5 0.85) (end 0.5 0.85) (layer F.SilkS) (width 0.12))
    (fp_line (start 0.5 -0.85) (end -0.5 -0.85) (layer F.SilkS) (width 0.12))
    (fp_line (start -1 -0.62) (end 1 -0.62) (layer F.Fab) (width 0.1))
    (fp_line (start 1 -0.62) (end 1 0.62) (layer F.Fab) (width 0.1))
    (fp_line (start 1 0.62) (end -1 0.62) (layer F.Fab) (width 0.1))
    (fp_line (start -1 0.62) (end -1 -0.62) (layer F.Fab) (width 0.1))
    (fp_text user %R (at 3 0 270) (layer F.Fab)
      (effects (font (size 1 1) (thickness 0.15)))
    )
    (pad 2 smd rect (at 1 0 270) (size 1 1.25) (layers F.Cu F.Paste F.Mask)
      (net 3 VCC))
    (pad 1 smd rect (at -1 0 270) (size 1 1.25) (layers F.Cu F.Paste F.Mask)
      (net 4 "Net-(C5-Pad1)"))
    (model Capacitors_SMD.3dshapes/C_0805.wrl
      (at (xyz 0 0 0))
      (scale (xyz 1 1 1))
      (rotate (xyz 0 0 0))
    )
  )

  (module Capacitors_SMD:C_0805 (layer F.Cu) (tedit 58AA8463) (tstamp 5CB58107)
    (at 149 102.5 180)
    (descr "Capacitor SMD 0805, reflow soldering, AVX (see smccp.pdf)")
    (tags "capacitor 0805")
    (path /5CA1F930)
    (attr smd)
    (fp_text reference C6 (at 0 -1.5 180) (layer F.SilkS)
      (effects (font (size 1 1) (thickness 0.15)))
    )
    (fp_text value 20pF (at 0 1.75 180) (layer F.Fab)
      (effects (font (size 1 1) (thickness 0.15)))
    )
    (fp_text user %R (at 0 -1.5 180) (layer F.Fab)
      (effects (font (size 1 1) (thickness 0.15)))
    )
    (fp_line (start -1 0.62) (end -1 -0.62) (layer F.Fab) (width 0.1))
    (fp_line (start 1 0.62) (end -1 0.62) (layer F.Fab) (width 0.1))
    (fp_line (start 1 -0.62) (end 1 0.62) (layer F.Fab) (width 0.1))
    (fp_line (start -1 -0.62) (end 1 -0.62) (layer F.Fab) (width 0.1))
    (fp_line (start 0.5 -0.85) (end -0.5 -0.85) (layer F.SilkS) (width 0.12))
    (fp_line (start -0.5 0.85) (end 0.5 0.85) (layer F.SilkS) (width 0.12))
    (fp_line (start -1.75 -0.88) (end 1.75 -0.88) (layer F.CrtYd) (width 0.05))
    (fp_line (start -1.75 -0.88) (end -1.75 0.87) (layer F.CrtYd) (width 0.05))
    (fp_line (start 1.75 0.87) (end 1.75 -0.88) (layer F.CrtYd) (width 0.05))
    (fp_line (start 1.75 0.87) (end -1.75 0.87) (layer F.CrtYd) (width 0.05))
    (pad 1 smd rect (at -1 0 180) (size 1 1.25) (layers F.Cu F.Paste F.Mask)
      (net 5 "Net-(C6-Pad1)"))
    (pad 2 smd rect (at 1 0 180) (size 1 1.25) (layers F.Cu F.Paste F.Mask)
      (net 1 VSS))
    (model Capacitors_SMD.3dshapes/C_0805.wrl
      (at (xyz 0 0 0))
      (scale (xyz 1 1 1))
      (rotate (xyz 0 0 0))
    )
  )

  (module Capacitors_SMD:C_0805 (layer F.Cu) (tedit 58AA8463) (tstamp 5CB58118)
    (at 149 105.5 180)
    (descr "Capacitor SMD 0805, reflow soldering, AVX (see smccp.pdf)")
    (tags "capacitor 0805")
    (path /5CA1F826)
    (attr smd)
    (fp_text reference C7 (at 0 -1.5 180) (layer F.SilkS)
      (effects (font (size 1 1) (thickness 0.15)))
    )
    (fp_text value 20pF (at 0 1.75 180) (layer F.Fab)
      (effects (font (size 1 1) (thickness 0.15)))
    )
    (fp_line (start 1.75 0.87) (end -1.75 0.87) (layer F.CrtYd) (width 0.05))
    (fp_line (start 1.75 0.87) (end 1.75 -0.88) (layer F.CrtYd) (width 0.05))
    (fp_line (start -1.75 -0.88) (end -1.75 0.87) (layer F.CrtYd) (width 0.05))
    (fp_line (start -1.75 -0.88) (end 1.75 -0.88) (layer F.CrtYd) (width 0.05))
    (fp_line (start -0.5 0.85) (end 0.5 0.85) (layer F.SilkS) (width 0.12))
    (fp_line (start 0.5 -0.85) (end -0.5 -0.85) (layer F.SilkS) (width 0.12))
    (fp_line (start -1 -0.62) (end 1 -0.62) (layer F.Fab) (width 0.1))
    (fp_line (start 1 -0.62) (end 1 0.62) (layer F.Fab) (width 0.1))
    (fp_line (start 1 0.62) (end -1 0.62) (layer F.Fab) (width 0.1))
    (fp_line (start -1 0.62) (end -1 -0.62) (layer F.Fab) (width 0.1))
    (fp_text user %R (at 0 -1.5 180) (layer F.Fab)
      (effects (font (size 1 1) (thickness 0.15)))
    )
    (pad 2 smd rect (at 1 0 180) (size 1 1.25) (layers F.Cu F.Paste F.Mask)
      (net 1 VSS))
    (pad 1 smd rect (at -1 0 180) (size 1 1.25) (layers F.Cu F.Paste F.Mask)
      (net 6 "Net-(C7-Pad1)"))
    (model Capacitors_SMD.3dshapes/C_0805.wrl
      (at (xyz 0 0 0))
      (scale (xyz 1 1 1))
      (rotate (xyz 0 0 0))
    )
  )

  (module Capacitors_SMD:C_0805 (layer F.Cu) (tedit 58AA8463) (tstamp 5CB58129)
    (at 155 114.5 180)
    (descr "Capacitor SMD 0805, reflow soldering, AVX (see smccp.pdf)")
    (tags "capacitor 0805")
    (path /5CA1972A)
    (attr smd)
    (fp_text reference C8 (at 0 1.5 180) (layer F.SilkS)
      (effects (font (size 1 1) (thickness 0.15)))
    )
    (fp_text value 100nF (at 0 1.75 180) (layer F.Fab)
      (effects (font (size 1 1) (thickness 0.15)))
    )
    (fp_text user %R (at 0 1.5 180) (layer F.Fab)
      (effects (font (size 1 1) (thickness 0.15)))
    )
    (fp_line (start -1 0.62) (end -1 -0.62) (layer F.Fab) (width 0.1))
    (fp_line (start 1 0.62) (end -1 0.62) (layer F.Fab) (width 0.1))
    (fp_line (start 1 -0.62) (end 1 0.62) (layer F.Fab) (width 0.1))
    (fp_line (start -1 -0.62) (end 1 -0.62) (layer F.Fab) (width 0.1))
    (fp_line (start 0.5 -0.85) (end -0.5 -0.85) (layer F.SilkS) (width 0.12))
    (fp_line (start -0.5 0.85) (end 0.5 0.85) (layer F.SilkS) (width 0.12))
    (fp_line (start -1.75 -0.88) (end 1.75 -0.88) (layer F.CrtYd) (width 0.05))
    (fp_line (start -1.75 -0.88) (end -1.75 0.87) (layer F.CrtYd) (width 0.05))
    (fp_line (start 1.75 0.87) (end 1.75 -0.88) (layer F.CrtYd) (width 0.05))
    (fp_line (start 1.75 0.87) (end -1.75 0.87) (layer F.CrtYd) (width 0.05))
    (pad 1 smd rect (at -1 0 180) (size 1 1.25) (layers F.Cu F.Paste F.Mask)
      (net 7 Reset))
    (pad 2 smd rect (at 1 0 180) (size 1 1.25) (layers F.Cu F.Paste F.Mask)
      (net 1 VSS))
    (model Capacitors_SMD.3dshapes/C_0805.wrl
      (at (xyz 0 0 0))
      (scale (xyz 1 1 1))
      (rotate (xyz 0 0 0))
    )
  )

  (module Capacitors_SMD:C_0805 (layer F.Cu) (tedit 58AA8463) (tstamp 5CB5813A)
    (at 169 123.5 270)
    (descr "Capacitor SMD 0805, reflow soldering, AVX (see smccp.pdf)")
    (tags "capacitor 0805")
    (path /5CA1ABF0)
    (attr smd)
    (fp_text reference C9 (at 0 -1.5 270) (layer F.SilkS)
      (effects (font (size 1 1) (thickness 0.15)))
    )
    (fp_text value 4.7uF (at 0 1.75 270) (layer F.Fab)
      (effects (font (size 1 1) (thickness 0.15)))
    )
    (fp_line (start 1.75 0.87) (end -1.75 0.87) (layer F.CrtYd) (width 0.05))
    (fp_line (start 1.75 0.87) (end 1.75 -0.88) (layer F.CrtYd) (width 0.05))
    (fp_line (start -1.75 -0.88) (end -1.75 0.87) (layer F.CrtYd) (width 0.05))
    (fp_line (start -1.75 -0.88) (end 1.75 -0.88) (layer F.CrtYd) (width 0.05))
    (fp_line (start -0.5 0.85) (end 0.5 0.85) (layer F.SilkS) (width 0.12))
    (fp_line (start 0.5 -0.85) (end -0.5 -0.85) (layer F.SilkS) (width 0.12))
    (fp_line (start -1 -0.62) (end 1 -0.62) (layer F.Fab) (width 0.1))
    (fp_line (start 1 -0.62) (end 1 0.62) (layer F.Fab) (width 0.1))
    (fp_line (start 1 0.62) (end -1 0.62) (layer F.Fab) (width 0.1))
    (fp_line (start -1 0.62) (end -1 -0.62) (layer F.Fab) (width 0.1))
    (fp_text user %R (at 0 -1.5 270) (layer F.Fab)
      (effects (font (size 1 1) (thickness 0.15)))
    )
    (pad 2 smd rect (at 1 0 270) (size 1 1.25) (layers F.Cu F.Paste F.Mask)
      (net 1 VSS))
    (pad 1 smd rect (at -1 0 270) (size 1 1.25) (layers F.Cu F.Paste F.Mask)
      (net 8 "Net-(C9-Pad1)"))
    (model Capacitors_SMD.3dshapes/C_0805.wrl
      (at (xyz 0 0 0))
      (scale (xyz 1 1 1))
      (rotate (xyz 0 0 0))
    )
  )

  (module Capacitors_SMD:C_0805 (layer F.Cu) (tedit 58AA8463) (tstamp 5CB5814B)
    (at 155 117.5)
    (descr "Capacitor SMD 0805, reflow soldering, AVX (see smccp.pdf)")
    (tags "capacitor 0805")
    (path /5CA1D024)
    (attr smd)
    (fp_text reference C10 (at 0 -1.5) (layer F.SilkS)
      (effects (font (size 1 1) (thickness 0.15)))
    )
    (fp_text value 100nF (at 0 1.75) (layer F.Fab)
      (effects (font (size 1 1) (thickness 0.15)))
    )
    (fp_text user %R (at 0 -1.5) (layer F.Fab)
      (effects (font (size 1 1) (thickness 0.15)))
    )
    (fp_line (start -1 0.62) (end -1 -0.62) (layer F.Fab) (width 0.1))
    (fp_line (start 1 0.62) (end -1 0.62) (layer F.Fab) (width 0.1))
    (fp_line (start 1 -0.62) (end 1 0.62) (layer F.Fab) (width 0.1))
    (fp_line (start -1 -0.62) (end 1 -0.62) (layer F.Fab) (width 0.1))
    (fp_line (start 0.5 -0.85) (end -0.5 -0.85) (layer F.SilkS) (width 0.12))
    (fp_line (start -0.5 0.85) (end 0.5 0.85) (layer F.SilkS) (width 0.12))
    (fp_line (start -1.75 -0.88) (end 1.75 -0.88) (layer F.CrtYd) (width 0.05))
    (fp_line (start -1.75 -0.88) (end -1.75 0.87) (layer F.CrtYd) (width 0.05))
    (fp_line (start 1.75 0.87) (end 1.75 -0.88) (layer F.CrtYd) (width 0.05))
    (fp_line (start 1.75 0.87) (end -1.75 0.87) (layer F.CrtYd) (width 0.05))
    (pad 1 smd rect (at -1 0) (size 1 1.25) (layers F.Cu F.Paste F.Mask)
      (net 3 VCC))
    (pad 2 smd rect (at 1 0) (size 1 1.25) (layers F.Cu F.Paste F.Mask)
      (net 9 "Net-(C10-Pad2)"))
    (model Capacitors_SMD.3dshapes/C_0805.wrl
      (at (xyz 0 0 0))
      (scale (xyz 1 1 1))
      (rotate (xyz 0 0 0))
    )
  )

  (module TerminalBlock_RND:TerminalBlock_RND_205-00022_Pitch5.00mm (layer F.Cu) (tedit 59E50DDE) (tstamp 5CA3DC3D)
    (at 204 132 180)
    (descr "terminal block RND 205-00022, 12 pins, pitch 05mm, size 60.0x7.6mm^2, drill diamater 1.2mm, pad diameter 2.3mm, see http://cdn-reichelt.de/documents/datenblatt/C151/RND_205-00012_DB_EN.pdf")
    (tags "THT terminal block RND 205-00022 pitch 05mm size 60.0x7.6mm^2 drill 1.2mm pad 2.3mm")
    (path /5CA2C7D3)
    (fp_text reference J1 (at 27.5 -5.16 180) (layer F.SilkS)
      (effects (font (size 1 1) (thickness 0.15)))
    )
    (fp_text value FairingConnector (at 27.5 4.56 180) (layer F.Fab)
      (effects (font (size 1 1) (thickness 0.15)))
    )
    (fp_arc (start 0 0) (end 0 1.68) (angle -35) (layer F.SilkS) (width 0.12))
    (fp_arc (start 0 0) (end 1.377 0.964) (angle -70) (layer F.SilkS) (width 0.12))
    (fp_arc (start 0 0) (end 0.964 -1.377) (angle -70) (layer F.SilkS) (width 0.12))
    (fp_arc (start 0 0) (end -1.377 -0.964) (angle -70) (layer F.SilkS) (width 0.12))
    (fp_arc (start 0 0) (end -0.964 1.377) (angle -36) (layer F.SilkS) (width 0.12))
    (fp_circle (center 0 0) (end 1.5 0) (layer F.Fab) (width 0.1))
    (fp_circle (center 0 -3) (end 0.55 -3) (layer F.Fab) (width 0.1))
    (fp_circle (center 0 -3) (end 0.55 -3) (layer F.SilkS) (width 0.12))
    (fp_circle (center 5 0) (end 6.5 0) (layer F.Fab) (width 0.1))
    (fp_circle (center 5 0) (end 6.68 0) (layer F.SilkS) (width 0.12))
    (fp_circle (center 5 -3) (end 5.55 -3) (layer F.Fab) (width 0.1))
    (fp_circle (center 5 -3) (end 5.55 -3) (layer F.SilkS) (width 0.12))
    (fp_circle (center 10 0) (end 11.5 0) (layer F.Fab) (width 0.1))
    (fp_circle (center 10 0) (end 11.68 0) (layer F.SilkS) (width 0.12))
    (fp_circle (center 10 -3) (end 10.55 -3) (layer F.Fab) (width 0.1))
    (fp_circle (center 10 -3) (end 10.55 -3) (layer F.SilkS) (width 0.12))
    (fp_circle (center 15 0) (end 16.5 0) (layer F.Fab) (width 0.1))
    (fp_circle (center 15 0) (end 16.68 0) (layer F.SilkS) (width 0.12))
    (fp_circle (center 15 -3) (end 15.55 -3) (layer F.Fab) (width 0.1))
    (fp_circle (center 15 -3) (end 15.55 -3) (layer F.SilkS) (width 0.12))
    (fp_circle (center 20 0) (end 21.5 0) (layer F.Fab) (width 0.1))
    (fp_circle (center 20 0) (end 21.68 0) (layer F.SilkS) (width 0.12))
    (fp_circle (center 20 -3) (end 20.55 -3) (layer F.Fab) (width 0.1))
    (fp_circle (center 20 -3) (end 20.55 -3) (layer F.SilkS) (width 0.12))
    (fp_circle (center 25 0) (end 26.5 0) (layer F.Fab) (width 0.1))
    (fp_circle (center 25 0) (end 26.68 0) (layer F.SilkS) (width 0.12))
    (fp_circle (center 25 -3) (end 25.55 -3) (layer F.Fab) (width 0.1))
    (fp_circle (center 25 -3) (end 25.55 -3) (layer F.SilkS) (width 0.12))
    (fp_circle (center 30 0) (end 31.5 0) (layer F.Fab) (width 0.1))
    (fp_circle (center 30 0) (end 31.68 0) (layer F.SilkS) (width 0.12))
    (fp_circle (center 30 -3) (end 30.55 -3) (layer F.Fab) (width 0.1))
    (fp_circle (center 30 -3) (end 30.55 -3) (layer F.SilkS) (width 0.12))
    (fp_circle (center 35 0) (end 36.5 0) (layer F.Fab) (width 0.1))
    (fp_circle (center 35 0) (end 36.68 0) (layer F.SilkS) (width 0.12))
    (fp_circle (center 35 -3) (end 35.55 -3) (layer F.Fab) (width 0.1))
    (fp_circle (center 35 -3) (end 35.55 -3) (layer F.SilkS) (width 0.12))
    (fp_circle (center 40 0) (end 41.5 0) (layer F.Fab) (width 0.1))
    (fp_circle (center 40 0) (end 41.68 0) (layer F.SilkS) (width 0.12))
    (fp_circle (center 40 -3) (end 40.55 -3) (layer F.Fab) (width 0.1))
    (fp_circle (center 40 -3) (end 40.55 -3) (layer F.SilkS) (width 0.12))
    (fp_circle (center 45 0) (end 46.5 0) (layer F.Fab) (width 0.1))
    (fp_circle (center 45 0) (end 46.68 0) (layer F.SilkS) (width 0.12))
    (fp_circle (center 45 -3) (end 45.55 -3) (layer F.Fab) (width 0.1))
    (fp_circle (center 45 -3) (end 45.55 -3) (layer F.SilkS) (width 0.12))
    (fp_circle (center 50 0) (end 51.5 0) (layer F.Fab) (width 0.1))
    (fp_circle (center 50 0) (end 51.68 0) (layer F.SilkS) (width 0.12))
    (fp_circle (center 50 -3) (end 50.55 -3) (layer F.Fab) (width 0.1))
    (fp_circle (center 50 -3) (end 50.55 -3) (layer F.SilkS) (width 0.12))
    (fp_circle (center 55 0) (end 56.5 0) (layer F.Fab) (width 0.1))
    (fp_circle (center 55 0) (end 56.68 0) (layer F.SilkS) (width 0.12))
    (fp_circle (center 55 -3) (end 55.55 -3) (layer F.Fab) (width 0.1))
    (fp_circle (center 55 -3) (end 55.55 -3) (layer F.SilkS) (width 0.12))
    (fp_line (start -2.5 -4.1) (end 57.5 -4.1) (layer F.Fab) (width 0.1))
    (fp_line (start 57.5 -4.1) (end 57.5 3.5) (layer F.Fab) (width 0.1))
    (fp_line (start 57.5 3.5) (end -1.9 3.5) (layer F.Fab) (width 0.1))
    (fp_line (start -1.9 3.5) (end -2.5 2.9) (layer F.Fab) (width 0.1))
    (fp_line (start -2.5 2.9) (end -2.5 -4.1) (layer F.Fab) (width 0.1))
    (fp_line (start -2.5 2.9) (end 57.5 2.9) (layer F.Fab) (width 0.1))
    (fp_line (start -2.56 2.9) (end 57.56 2.9) (layer F.SilkS) (width 0.12))
    (fp_line (start -2.5 2.3) (end 57.5 2.3) (layer F.Fab) (width 0.1))
    (fp_line (start -2.56 2.3) (end 57.56 2.3) (layer F.SilkS) (width 0.12))
    (fp_line (start -2.5 -2.4) (end 57.5 -2.4) (layer F.Fab) (width 0.1))
    (fp_line (start -2.56 -2.4) (end 57.56 -2.4) (layer F.SilkS) (width 0.12))
    (fp_line (start -2.56 -4.16) (end -2.56 3.56) (layer F.SilkS) (width 0.12))
    (fp_line (start -2.56 3.56) (end 57.56 3.56) (layer F.SilkS) (width 0.12))
    (fp_line (start 57.56 3.56) (end 57.56 -4.16) (layer F.SilkS) (width 0.12))
    (fp_line (start 57.56 -4.16) (end -2.56 -4.16) (layer F.SilkS) (width 0.12))
    (fp_line (start 1.138 -0.955) (end -0.955 1.138) (layer F.Fab) (width 0.1))
    (fp_line (start 0.955 -1.138) (end -1.138 0.955) (layer F.Fab) (width 0.1))
    (fp_line (start 6.138 -0.955) (end 4.046 1.138) (layer F.Fab) (width 0.1))
    (fp_line (start 5.955 -1.138) (end 3.863 0.955) (layer F.Fab) (width 0.1))
    (fp_line (start 6.275 -1.069) (end 6.111 -0.905) (layer F.SilkS) (width 0.12))
    (fp_line (start 4.06 1.146) (end 3.931 1.274) (layer F.SilkS) (width 0.12))
    (fp_line (start 6.07 -1.275) (end 5.941 -1.146) (layer F.SilkS) (width 0.12))
    (fp_line (start 3.89 0.905) (end 3.726 1.069) (layer F.SilkS) (width 0.12))
    (fp_line (start 11.138 -0.955) (end 9.046 1.138) (layer F.Fab) (width 0.1))
    (fp_line (start 10.955 -1.138) (end 8.863 0.955) (layer F.Fab) (width 0.1))
    (fp_line (start 11.275 -1.069) (end 11.111 -0.905) (layer F.SilkS) (width 0.12))
    (fp_line (start 9.06 1.146) (end 8.931 1.274) (layer F.SilkS) (width 0.12))
    (fp_line (start 11.07 -1.275) (end 10.941 -1.146) (layer F.SilkS) (width 0.12))
    (fp_line (start 8.89 0.905) (end 8.726 1.069) (layer F.SilkS) (width 0.12))
    (fp_line (start 16.138 -0.955) (end 14.046 1.138) (layer F.Fab) (width 0.1))
    (fp_line (start 15.955 -1.138) (end 13.863 0.955) (layer F.Fab) (width 0.1))
    (fp_line (start 16.275 -1.069) (end 16.111 -0.905) (layer F.SilkS) (width 0.12))
    (fp_line (start 14.06 1.146) (end 13.931 1.274) (layer F.SilkS) (width 0.12))
    (fp_line (start 16.07 -1.275) (end 15.941 -1.146) (layer F.SilkS) (width 0.12))
    (fp_line (start 13.89 0.905) (end 13.726 1.069) (layer F.SilkS) (width 0.12))
    (fp_line (start 21.138 -0.955) (end 19.046 1.138) (layer F.Fab) (width 0.1))
    (fp_line (start 20.955 -1.138) (end 18.863 0.955) (layer F.Fab) (width 0.1))
    (fp_line (start 21.275 -1.069) (end 21.111 -0.905) (layer F.SilkS) (width 0.12))
    (fp_line (start 19.06 1.146) (end 18.931 1.274) (layer F.SilkS) (width 0.12))
    (fp_line (start 21.07 -1.275) (end 20.941 -1.146) (layer F.SilkS) (width 0.12))
    (fp_line (start 18.89 0.905) (end 18.726 1.069) (layer F.SilkS) (width 0.12))
    (fp_line (start 26.138 -0.955) (end 24.046 1.138) (layer F.Fab) (width 0.1))
    (fp_line (start 25.955 -1.138) (end 23.863 0.955) (layer F.Fab) (width 0.1))
    (fp_line (start 26.275 -1.069) (end 26.111 -0.905) (layer F.SilkS) (width 0.12))
    (fp_line (start 24.06 1.146) (end 23.931 1.274) (layer F.SilkS) (width 0.12))
    (fp_line (start 26.07 -1.275) (end 25.941 -1.146) (layer F.SilkS) (width 0.12))
    (fp_line (start 23.89 0.905) (end 23.726 1.069) (layer F.SilkS) (width 0.12))
